%YAML:1.0
---
image_width: 1280
image_height: 720
K1: !!opencv-matrix
  rows: 3
  cols: 3
  dt: d
  data: [1000.0, 0.0, 640.0, 0.0, 1000.0, 360.0, 0.0, 0.0, 1.0]
D1: !!opencv-matrix
  rows: 1
  cols: 5
  dt: d
  data: [0.0, 0.0, 0.0, 0.0, 0.0]
K2: !!opencv-matrix
  rows: 3
  cols: 3
  dt: d
  data: [1000.0, 0.0, 640.0, 0.0, 1000.0, 360.0, 0.0, 0.0, 1.0]
D2: !!opencv-matrix
  rows: 1
  cols: 5
  dt: d
  data: [0.0, 0.0, 0.0, 0.0, 0.0]
R: !!opencv-matrix
  rows: 3
  cols: 3
  dt: d
  data: [1.0, 0.0, 0.0, 0.0, 1.0, 0.0, 0.0, 0.0, 1.0]
T: !!opencv-matrix
  rows: 3
  cols: 1
  dt: d
  data: [-0.12, 0.0, 0.0]
